  name: Shalom
  latitude: 43.67839124560188
  longitude: 10.84695045092769
  radius: 20
  icon: mdi:school
